   5    5
  -1.000000e-01   -1.000000e-01             nan
  -5.000000e-02   -1.000000e-01             nan
  -1.387779e-17   -1.000000e-01             nan
   5.000000e-02   -1.000000e-01             nan
   1.000000e-01   -1.000000e-01             nan
  -1.000000e-01   -5.000000e-02             nan
  -5.000000e-02   -5.000000e-02             nan
  -1.387779e-17   -5.000000e-02             nan
   5.000000e-02   -5.000000e-02             nan
   1.000000e-01   -5.000000e-02             nan
  -1.000000e-01   -1.387779e-17             nan
  -5.000000e-02   -1.387779e-17             nan
  -1.387779e-17   -1.387779e-17             nan
   5.000000e-02   -1.387779e-17             nan
   1.000000e-01   -1.387779e-17             nan
  -1.000000e-01    5.000000e-02             nan
  -5.000000e-02    5.000000e-02             nan
  -1.387779e-17    5.000000e-02             nan
   5.000000e-02    5.000000e-02             nan
   1.000000e-01    5.000000e-02             nan
  -1.000000e-01    1.000000e-01             nan
  -5.000000e-02    1.000000e-01             nan
  -1.387779e-17    1.000000e-01             nan
   5.000000e-02    1.000000e-01             nan
   1.000000e-01    1.000000e-01             nan
